"","ca","cl","k","mg","sodium","p","ferritin","hb","hct","iron","mch","mchc","rbc","rdw","alb","alkp","alt","ast","ggt","ldh","tot_prot","uric_ac","baso_p","lympho_p","mono_p","neut_p","wbc","trig","hdl","ldl","chol","chol_hdl","vitb12","folate","vita","g_toco","b_cryp","a_carot","vitd_tot"
"ca",1,-0.0454376367781743,0.174291196276137,0.094462769234998,0.149554272535564,0.131898203330419,0.154264332366331,0.202664429525712,0.21691162581993,0.111235941664463,0.0125714253966574,-0.0117563556000866,0.192922475072791,-0.0621549485007641,0.456570557124431,-0.00284224691149559,0.0511974356670838,0.117537598709807,0.0998261873210719,0.099309525231541,0.345751579711062,0.111203249666987,-0.00712103098861934,0.103457291342684,0.0302731484692224,-0.0948280094167066,-0.0245306703380871,0.016275770262807,0.050000504544614,0.113491470777355,0.116833189310205,0.0626340158179806,0.0842278982474213,-0.0401613691704636,0.0149801173339589,-0.0644398917494811,0.0188881401517185,-0.0646933094350681,0.0745202869158559
"cl",-0.0454376367781743,1,0.115675989621088,0.152694778913215,0.517647302301188,-0.0345203446197097,-0.101480539264291,-0.11350698426895,-0.110655623831989,-0.0937242434939484,-0.0456029751850244,-0.03823851649326,-0.0848064724601,0.101582361357664,-0.0940819411878857,0.0117062866764205,-0.0526854866746865,-0.0595959110322168,-0.0966555662907606,0.234509128379144,-0.188933146298273,-0.0820304842030491,-0.0633950234944226,0.0851623507523432,-0.142035618123269,-0.0317405880393145,-0.0782012815398097,-0.0758673516879074,-0.0458992085218338,0.0162399937911257,-0.0505296068774469,0.0419000631691924,-0.117808551201882,-0.334193660903525,-0.390398489786817,-0.227499711245471,-0.0132385327873921,-0.236480577899179,-0.0297591878295477
"k",0.174291196276137,0.115675989621088,1,0.105069757874769,0.190409752122167,0.0548303814964494,0.113281328512856,0.0301700815835249,0.0585054209826423,-0.00224326704342407,0.0257976290132281,-0.0961354825284978,0.0107111677486588,0.128433119974942,0.101957462827407,0.115711571907958,0.0337794567389101,0.0420755440504886,0.128400329827488,0.238691350185376,0.0283989123426942,0.125774955290856,-0.010139501193362,0.00884969514458337,0.00687930607087167,-0.0278989455070006,-0.0550398999354318,0.00351601837355758,-0.0584802841948514,0.103738243210267,0.0696572524985322,0.0417867815617927,0.0148281266210489,-0.176599536566394,-0.0541438346256568,-0.0676926167395612,-0.00567358514722282,-0.219245187776916,0.04943230710455
"mg",0.094462769234998,0.152694778913215,0.105069757874769,1,0.124577139536186,NA,-0.0546493828187196,0.0498487499680171,0.0760281422228643,-0.00234961679593706,-0.0048012777311801,-0.0813286128679898,0.0528607364307054,0.013660514010711,0.0875399850385814,0.0112993118905401,-0.00359800070130195,0.0384244414203151,-0.0320172801583647,0.121374047195851,0.0141610937268989,-0.0542108503006682,0.0109186304759931,-0.0339207527398337,0.03130198719519,0.0283922839665801,-0.00444992865851726,-0.0163083096028524,0.0204801097143817,0.0452247206776231,0.0275609976646872,0.0329823047152891,0.0243776874309831,0.00878047483538438,-0.185138332954657,-0.203465669890943,-0.00292771193370288,0.00231882144746043,0.0764887297754919
"sodium",0.149554272535564,0.517647302301188,0.190409752122167,0.124577139536186,1,-0.0183622786582243,0.107835399841907,0.0599061688760968,0.0989410154287857,-0.0119428706680851,-0.0149838700506492,-0.124073504470194,0.0676191445177832,0.146048359618863,0.192550928165413,0.13715487710797,0.0855531209110114,0.0555639861543273,0.102222438624025,0.51198664313517,0.0318478913963169,0.108310360327673,-0.091142783945096,0.156998123253209,-0.0402846778170631,-0.140273263595958,-0.191456767207264,-0.0928589850572023,-0.0176292469227556,0.0937540258043553,0.0251150198083789,-0.0201425585632793,-0.064928395508757,-0.40728436974934,-0.37351744855968,-0.20075214361007,-0.00858877187139292,-0.426127506974396,-0.0674321842647995
"p",0.131898203330419,-0.0345203446197097,0.0548303814964494,NA,-0.0183622786582243,1,-0.0966674573373346,-0.1594221029252,-0.169850840366956,-0.0918050777716476,-0.00126946025609026,0.0083348704476698,-0.158318738010896,0.0510103150503841,-0.0877096146028058,0.036053544376863,-0.0348701460536496,-0.0298112647497483,-0.0849265646868479,-0.01496083361765,-0.0523670520255882,-0.113416044244232,0.026219982433955,0.0103025831790322,-0.021885150696893,-0.00230357394376724,0.127799009401333,0.0177062043186399,0.142223129928648,-0.0247949132830657,0.0484389269410885,NA,0.020437728075591,0.0282222434467477,-0.00494526739152931,0.021116549742838,0.0207956465148006,0.00255254132418038,0.0176456799785787
"ferritin",0.154264332366331,-0.101480539264291,0.113281328512856,-0.0546493828187196,0.107835399841907,-0.0966674573373346,1,0.411150898349975,0.385929657153596,0.288434623643042,0.289268579432673,0.177142864937687,0.222507005735549,-0.184293795266718,0.252336412047894,0.0662769331074768,0.246220290538411,0.209809618497085,0.369898589467123,0.135814526668071,0.166354266533817,0.33051243995642,-0.0522014256223724,0.0671674942671671,0.0799732442042236,-0.0949520096721782,-0.0493165270569728,0.110189876132128,-0.172094143018311,0.0931206280308691,0.0468812020681908,0.0356401014246965,0.0885486811575538,-0.101222516099908,0.0954261982499386,0.00600287237949792,-0.115149151501947,-0.143656027366656,-0.0158597006366856
"hb",0.202664429525712,-0.11350698426895,0.0301700815835249,0.0498487499680171,0.0599061688760968,-0.1594221029252,0.411150898349975,1,0.96425932023141,0.399016693108906,0.364751984117612,0.368440862610176,0.766069723754117,-0.432597412892338,0.402018844774022,-0.053332962873004,0.29698818657112,0.199635674257624,0.21940685573924,-0.0294367236078372,0.21006605511913,0.192004124117685,-0.0449912163015193,0.0160518471839661,0.0921990687057162,-0.0391409135550711,0.0378159089710076,0.0942522099874696,-0.173545152983665,0.113961905688649,0.0225996281471575,0.0345117689096629,0.0277467004085525,0.0372846215943225,0.0763469951529197,-0.116913157697804,-0.0542524487489221,0.0888547062432166,0.196516991451152
"hct",0.21691162581993,-0.110655623831989,0.0585054209826423,0.0760281422228643,0.0989410154287857,-0.169850840366956,0.385929657153596,0.96425932023141,1,0.355492204935423,0.233116971954822,0.118843051001092,0.821663472030149,-0.353300116412845,0.403117492933329,-0.0241702122161947,0.290226726537337,0.198602699606221,0.23141714863552,-0.000378494923266809,0.239458683958449,0.200577026363534,-0.0396898261801031,0.0381006128686694,0.102181686846154,-0.0650316697125935,0.0218873685103049,0.0736884634065684,-0.174567804919077,0.116359007179968,0.0184351907317904,0.0408120097873761,0.0372463959935188,0.0244008535695475,0.0640928201982355,-0.111818281286878,-0.0521137299961541,0.0686156323273864,0.157190998502731
"iron",0.111235941664463,-0.0937242434939484,-0.00224326704342407,-0.00234961679593706,-0.0119428706680851,-0.0918050777716476,0.288434623643042,0.399016693108906,0.355492204935423,1,0.338939433182635,0.23444389490441,0.173926265804642,-0.295232544250854,0.215724743111695,-0.121099902245418,0.16488123495451,0.166676763047681,0.09120424848774,0.00717114732616387,0.0718221615085142,0.0526187924026362,-0.00596994083319074,0.0611247069031723,0.119531779398901,-0.0834925515140612,-0.0810416679022257,0.0299700245064495,0.0866758924050096,0.0182231206666769,0.0417939802986784,-0.066135431865867,0.011543237786909,0.101665619658464,0.107796808065008,-0.1335972461962,0.0421506911770359,0.0854972288125783,0.216279909789805
"mch",0.0125714253966574,-0.0456029751850244,0.0257976290132281,-0.0048012777311801,-0.0149838700506492,-0.00126946025609026,0.289268579432673,0.364751984117612,0.233116971954822,0.338939433182635,1,0.587953023660548,-0.304611532535995,-0.460247716309744,0.0803405000586066,-0.0591486236869397,0.0639195043767641,0.0893521033356996,0.0580831476180709,-0.00819142472518325,-0.0965266541980836,-0.00717526420902565,-0.0313084932778236,-0.0688145752046703,0.0187369390780996,0.0595766526562484,0.00247107618362936,0.0549947827378511,0.0864645272440187,0.0183626985079309,0.059688487717696,-0.115806859118463,-0.040000132302639,0.0248729713549853,0.0672050854810414,-0.0781001936900049,0.00273755249055814,0.0137042702151014,0.218547171211744
"mchc",-0.0117563556000866,-0.03823851649326,-0.0961354825284978,-0.0813286128679898,-0.124073504470194,0.0083348704476698,0.177142864937687,0.368440862610176,0.118843051001092,0.23444389490441,0.587953023660548,1,-0.00886797926367533,-0.438130532468359,0.0710929840632117,-0.109847878231726,0.0766810505413798,0.0343095254489734,-0.00399316324358524,-0.109270006735152,-0.0668766124798522,-0.00174159683749511,-0.0294746642614549,-0.0907567630690639,-0.0435015782032895,0.105008119965321,0.0457524862050272,0.0971063830366183,-0.0275048937599548,0.0190613780504055,0.0274316993223114,-0.0161951996977525,-0.0273209837276136,0.0525808012399,0.0586723830812613,-0.0391765440967436,-0.0114171397208161,0.0848248389170979,0.180442870990655
"rbc",0.192922475072791,-0.0848064724601,0.0107111677486588,0.0528607364307054,0.0676191445177832,-0.158318738010896,0.222507005735549,0.766069723754117,0.821663472030149,0.173926265804642,-0.304611532535995,-0.00886797926367533,1,-0.137583731000994,0.346933235909822,-0.0124100982976102,0.254938313012565,0.138788268553039,0.182379805605647,-0.0275130973385346,0.276349008057015,0.198158085337466,-0.0242806063138793,0.0539062526880129,0.0708033873100715,-0.0695443277159057,0.0280261627119025,0.0604315088753512,-0.234591607279563,0.101686613189484,-0.0177745525581627,0.106299898295585,0.0553465242994749,0.0230552658706176,0.0326822632178296,-0.0620644574760718,-0.0561556359898196,0.0809574237402289,0.049478111453337
"rdw",-0.0621549485007641,0.101582361357664,0.128433119974942,0.013660514010711,0.146048359618863,0.0510103150503841,-0.184293795266718,-0.432597412892338,-0.353300116412845,-0.295232544250854,-0.460247716309744,-0.438130532468359,-0.137583731000994,1,-0.144258180837571,0.212114881150362,-0.131027153070799,-0.0573195569215834,0.0606998517412201,0.270600656804178,-0.0412383341024191,0.111625820528289,-0.0388981007032023,-0.0021468268311817,-0.0275129103857489,-0.000795670830133855,-0.00278816901552178,-0.0324845699534439,-0.0124947324411911,-0.00209620655612921,0.00927163889996694,-0.00475595030370768,-0.0285113825322322,-0.296726672301747,-0.197419135931373,0.0681872491490907,-0.0373801453383653,-0.380771741094264,-0.267547058852581
"alb",0.456570557124431,-0.0940819411878857,0.101957462827407,0.0875399850385814,0.192550928165413,-0.0877096146028058,0.252336412047894,0.402018844774022,0.403117492933329,0.215724743111695,0.0803405000586066,0.0710929840632117,0.346933235909822,-0.144258180837571,1,-0.120413592443367,0.11658781218073,0.148635759037568,0.139697067370658,0.170967757715623,0.568584354049435,0.138103023141241,-0.0158731533408499,0.16354009893683,0.0679531416211258,-0.169017192349083,-0.176039035599697,-0.106840707410832,-0.0479672930211826,0.0892598864994326,0.0150972086247134,-0.0182275489453696,0.0989920464003159,-0.132307751438912,-0.0387804431064444,-0.182133456208228,0.0243684838565213,-0.130721573755745,0.0579680577725783
"alkp",-0.00284224691149559,0.0117062866764205,0.115711571907958,0.0112993118905401,0.13715487710797,0.036053544376863,0.0662769331074768,-0.053332962873004,-0.0241702122161947,-0.121099902245418,-0.0591486236869397,-0.109847878231726,-0.0124100982976102,0.212114881150362,-0.120413592443367,1,0.0480650282816956,0.0736671489133251,0.268299324020841,0.234417457455831,0.0196275279173301,0.148634337596284,-0.0485828725083542,-0.0508456962244131,-0.0716600300707616,0.0610938772718994,0.0695000191433156,0.15520596193204,-0.0934899997413681,0.0857935460966714,0.108544209596339,0.102880402423404,-0.0174675027987585,-0.243586076118888,-0.177562109904586,0.0974107718473849,-0.028868401471426,-0.338677251269951,-0.16220227329623
"alt",0.0511974356670838,-0.0526854866746865,0.0337794567389101,-0.00359800070130195,0.0855531209110114,-0.0348701460536496,0.246220290538411,0.29698818657112,0.290226726537337,0.16488123495451,0.0639195043767641,0.0766810505413798,0.254938313012565,-0.131027153070799,0.11658781218073,0.0480650282816956,1,0.727044129137764,0.467501815334874,0.186669755795342,0.139711294904992,0.148776148628569,-0.00313727016233112,0.106086220497812,0.208257485477144,-0.165282563546784,-0.0633056385767101,0.00394227615149634,-0.100531471919534,-0.00538377653626424,-0.0824250149780048,0.0265025568226212,0.147375362154617,0.16515039639329,0.0949682959007226,-0.0608181938762405,-0.035860135191101,0.201120866468315,0.08873271266956
"ast",0.117537598709807,-0.0595959110322168,0.0420755440504886,0.0384244414203151,0.0555639861543273,-0.0298112647497483,0.209809618497085,0.199635674257624,0.198602699606221,0.166676763047681,0.0893521033356996,0.0343095254489734,0.138788268553039,-0.0573195569215834,0.148635759037568,0.0736671489133251,0.727044129137764,1,0.378359634313617,0.285359803511239,0.204637886930432,0.13401721283556,0.00833989755408994,0.0956980482873786,0.273008518327916,-0.16763910596752,-0.117750767129386,-0.06021415707248,0.0276806665000935,-0.0400491317299795,-0.0812648743594343,-0.193382086549689,0.143835449455955,0.152851132973712,0.0699691265552146,-0.0911723574802225,-0.0412739213627759,0.165961120452222,0.0766821935576693
"ggt",0.0998261873210719,-0.0966555662907606,0.128400329827488,-0.0320172801583647,0.102222438624025,-0.0849265646868479,0.369898589467123,0.21940685573924,0.23141714863552,0.09120424848774,0.0580831476180709,-0.00399316324358524,0.182379805605647,0.0606998517412201,0.139697067370658,0.268299324020841,0.467501815334874,0.378359634313617,1,0.181191103034254,0.19160666175155,0.338657530192677,-0.0134044198937357,0.0901871936622369,0.108055870277479,-0.131308335140131,-0.0252511610946279,0.163963848168399,-0.157645426010327,0.0489275774008403,0.0404601874556816,0.0898148141735589,0.103834557819815,-0.0835828542216409,0.0971680811735216,0.109296540708309,-0.137486556723066,-0.162999576433388,-0.151967907530735
"ldh",0.099309525231541,0.234509128379144,0.238691350185376,0.121374047195851,0.51198664313517,-0.01496083361765,0.135814526668071,-0.0294367236078372,-0.000378494923266809,0.00717114732616387,-0.00819142472518325,-0.109270006735152,-0.0275130973385346,0.270600656804178,0.170967757715623,0.234417457455831,0.186669755795342,0.285359803511239,0.181191103034254,1,0.0573535191396974,0.102654671648479,-0.113252842835964,0.130638127176046,0.0650185507295712,-0.136991405485444,-0.194481826013129,-0.0994967524701112,0.0681857514682488,0.0926606753343996,0.0615598234426185,-0.0340606990441681,-0.0323309279018635,-0.550065504858574,-0.544275324665882,-0.30804410107781,0.0412928811979398,-0.60943804286461,-0.0622700091109127
"tot_prot",0.345751579711062,-0.188933146298273,0.0283989123426942,0.0141610937268989,0.0318478913963169,-0.0523670520255882,0.166354266533817,0.21006605511913,0.239458683958449,0.0718221615085142,-0.0965266541980836,-0.0668766124798522,0.276349008057015,-0.0412383341024191,0.568584354049435,0.0196275279173301,0.139711294904992,0.204637886930432,0.19160666175155,0.0573535191396974,1,0.161607128194643,0.00304268460379355,0.162922347535534,0.0900604823899545,-0.178097957904388,-0.0863470059183544,-0.0446195606558902,-0.0726043091763914,0.0805233937055596,0.00992981447506536,0.0982512012846372,0.149706079844213,0.0189636051434918,0.026044302823119,-0.0554933603458491,-0.00619786732736786,0.051041784625495,-0.104311085482149
"uric_ac",0.111203249666987,-0.0820304842030491,0.125774955290856,-0.0542108503006682,0.108310360327673,-0.113416044244232,0.33051243995642,0.192004124117685,0.200577026363534,0.0526187924026362,-0.00717526420902565,-0.00174159683749511,0.198158085337466,0.111625820528289,0.138103023141241,0.148634337596284,0.148776148628569,0.13401721283556,0.338657530192677,0.102654671648479,0.161607128194643,1,-0.00666286600022019,0.0104946817174924,0.0984562419529003,-0.0667234989621041,0.0253647239707467,0.237430143955702,-0.302168486462466,0.0754123237497762,0.0418260438223307,0.246981975085322,0.000781726004458246,-0.0280304810435723,0.187750640644155,0.136197977369684,-0.0951525672501938,-0.148416646010861,-0.0960897165991262
"baso_p",-0.00712103098861934,-0.0633950234944226,-0.010139501193362,0.0109186304759931,-0.091142783945096,0.026219982433955,-0.0522014256223724,-0.0449912163015193,-0.0396898261801031,-0.00596994083319074,-0.0313084932778236,-0.0294746642614549,-0.0242806063138793,-0.0388981007032023,-0.0158731533408499,-0.0485828725083542,-0.00313727016233112,0.00833989755408994,-0.0134044198937357,-0.113252842835964,0.00304268460379355,-0.00666286600022019,1,0.0776674671592986,0.0712133724425688,-0.154800815721016,-0.0861115121415113,0.0177016980800274,0.0139282096781566,-0.00146990234241151,0.0199268575357281,0.0675726401661637,0.0496855270223346,0.155171449300477,0.180746026573731,0.126544965658298,-0.00198811609456217,0.143165123981263,-0.0212336815887051
"lympho_p",0.103457291342684,0.0851623507523432,0.00884969514458337,-0.0339207527398337,0.156998123253209,0.0103025831790322,0.0671674942671671,0.0160518471839661,0.0381006128686694,0.0611247069031723,-0.0688145752046703,-0.0907567630690639,0.0539062526880129,-0.0021468268311817,0.16354009893683,-0.0508456962244131,0.106086220497812,0.0956980482873786,0.0901871936622369,0.130638127176046,0.162922347535534,0.0104946817174924,0.0776674671592986,1,0.0655028847206224,-0.936737502002116,-0.353295064149137,-0.100894702821778,-0.00864104028480311,0.0557024326122472,0.0191297089373939,0.0450312908212362,0.0405134643439439,-0.114241251901439,-0.0865320055985305,-0.026909124275884,0.0271303976022247,-0.0735091442765707,-0.13912757379651
"mono_p",0.0302731484692224,-0.142035618123269,0.00687930607087167,0.03130198719519,-0.0402846778170631,-0.021885150696893,0.0799732442042236,0.0921990687057162,0.102181686846154,0.119531779398901,0.0187369390780996,-0.0435015782032895,0.0708033873100715,-0.0275129103857489,0.0679531416211258,-0.0716600300707616,0.208257485477144,0.273008518327916,0.108055870277479,0.0650185507295712,0.0900604823899545,0.0984562419529003,0.0712133724425688,0.0655028847206224,1,-0.290438089438666,-0.194618510944917,-0.106239525790524,-0.00106399328607356,-0.114716291963751,-0.13756121493631,-0.0572450880622678,0.0639834987819365,0.271455313312371,0.26050988600907,0.0780377941490269,-0.0441196196860479,0.278265745926881,0.0294184025061094
"neut_p",-0.0948280094167066,-0.0317405880393145,-0.0278989455070006,0.0283922839665801,-0.140273263595958,-0.00230357394376724,-0.0949520096721782,-0.0391409135550711,-0.0650316697125935,-0.0834925515140612,0.0595766526562484,0.105008119965321,-0.0695443277159057,-0.000795670830133855,-0.169017192349083,0.0610938772718994,-0.165282563546784,-0.16763910596752,-0.131308335140131,-0.136991405485444,-0.178097957904388,-0.0667234989621041,-0.154800815721016,-0.936737502002116,-0.290438089438666,1,0.407233157212128,0.130925729976207,0.0219925648273941,-0.0167680408654522,0.028481588565735,-0.0325995757362721,-0.0604315043178993,0.0338327600859929,-0.0039084148287853,-0.00295441369750367,-0.00665406041900149,0.00115597281478645,0.122593200373118
"wbc",-0.0245306703380871,-0.0782012815398097,-0.0550398999354318,-0.00444992865851726,-0.191456767207264,0.127799009401333,-0.0493165270569728,0.0378159089710076,0.0218873685103049,-0.0810416679022257,0.00247107618362936,0.0457524862050272,0.0280261627119025,-0.00278816901552178,-0.176039035599697,0.0695000191433156,-0.0633056385767101,-0.117750767129386,-0.0252511610946279,-0.194481826013129,-0.0863470059183544,0.0253647239707467,-0.0861115121415113,-0.353295064149137,-0.194618510944917,0.407233157212128,1,0.283751559555051,-0.102617669062567,-0.01248811766119,0.0352204129336255,0.163403782060235,-0.0401869310902168,0.118950578586286,0.089250932163391,0.0972651442292444,-0.0713172977542925,0.103607676235833,0.0925061218572898
"trig",0.016275770262807,-0.0758673516879074,0.00351601837355758,-0.0163083096028524,-0.0928589850572023,0.0177062043186399,0.110189876132128,0.0942522099874696,0.0736884634065684,0.0299700245064495,0.0549947827378511,0.0971063830366183,0.0604315088753512,-0.0324845699534439,-0.106840707410832,0.15520596193204,0.00394227615149634,-0.06021415707248,0.163963848168399,-0.0994967524701112,-0.0446195606558902,0.237430143955702,0.0177016980800274,-0.100894702821778,-0.106239525790524,0.130925729976207,0.283751559555051,1,-0.380415324964698,0.218702142621583,0.372045235895147,0.616435401153402,-0.0775200217952597,0.0531383190313978,0.161548871264833,0.208378494687486,0.0113508065095683,-0.0580251853979782,0.0865141952233658
"hdl",0.050000504544614,-0.0458992085218338,-0.0584802841948514,0.0204801097143817,-0.0176292469227556,0.142223129928648,-0.172094143018311,-0.173545152983665,-0.174567804919077,0.0866758924050096,0.0864645272440187,-0.0275048937599548,-0.234591607279563,-0.0124947324411911,-0.0479672930211826,-0.0934899997413681,-0.100531471919534,0.0276806665000935,-0.157645426010327,0.0681857514682488,-0.0726043091763914,-0.302168486462466,0.0139282096781566,-0.00864104028480311,-0.00106399328607356,0.0219925648273941,-0.102617669062567,-0.380415324964698,1,-0.0534975733933205,0.212263889277604,-0.70238064704039,0.0291686371713025,0.0421852798733287,-0.0546118258531157,-0.108721598099482,0.161885306580617,0.0683179240748346,0.147678762207158
"ldl",0.113491470777355,0.0162399937911257,0.103738243210267,0.0452247206776231,0.0937540258043553,-0.0247949132830657,0.0931206280308691,0.113961905688649,0.116359007179968,0.0182231206666769,0.0183626985079309,0.0190613780504055,0.101686613189484,-0.00209620655612921,0.0892598864994326,0.0857935460966714,-0.00538377653626424,-0.0400491317299795,0.0489275774008403,0.0926606753343996,0.0805233937055596,0.0754123237497762,-0.00146990234241151,0.0557024326122472,-0.114716291963751,-0.0167680408654522,-0.01248811766119,0.218702142621583,-0.0534975733933205,1,0.887539235067621,NA,0.011620645681924,-0.153446632064176,-0.124179310637358,0.0413435478738641,0.175681105606074,-0.129742439824166,0.0557801635351802
"chol",0.116833189310205,-0.0505296068774469,0.0696572524985322,0.0275609976646872,0.0251150198083789,0.0484389269410885,0.0468812020681908,0.0225996281471575,0.0184351907317904,0.0417939802986784,0.059688487717696,0.0274316993223114,-0.0177745525581627,0.00927163889996694,0.0150972086247134,0.108544209596339,-0.0824250149780048,-0.0812648743594343,0.0404601874556816,0.0615598234426185,0.00992981447506536,0.0418260438223307,0.0199268575357281,0.0191297089373939,-0.13756121493631,0.028481588565735,0.0352204129336255,0.372045235895147,0.212263889277604,0.887539235067621,1,0.507435246796829,-0.00373738645192152,-0.100789799337745,-0.0132743014429443,0.153850763275637,0.231800464896079,-0.13874200961613,0.0974760880681262
"chol_hdl",0.0626340158179806,0.0419000631691924,0.0417867815617927,0.0329823047152891,-0.0201425585632793,NA,0.0356401014246965,0.0345117689096629,0.0408120097873761,-0.066135431865867,-0.115806859118463,-0.0161951996977525,0.106299898295585,-0.00475595030370768,-0.0182275489453696,0.102880402423404,0.0265025568226212,-0.193382086549689,0.0898148141735589,-0.0340606990441681,0.0982512012846372,0.246981975085322,0.0675726401661637,0.0450312908212362,-0.0572450880622678,-0.0325995757362721,0.163403782060235,0.616435401153402,-0.70238064704039,NA,0.507435246796829,1,-0.0505132158589427,-0.0233042246679353,0.0950091335419323,0.148496763043326,0.0603851307077768,-0.00376713970703905,0.0513388041526348
"vitb12",0.0842278982474213,-0.117808551201882,0.0148281266210489,0.0243776874309831,-0.064928395508757,0.020437728075591,0.0885486811575538,0.0277467004085525,0.0372463959935188,0.011543237786909,-0.040000132302639,-0.0273209837276136,0.0553465242994749,-0.0285113825322322,0.0989920464003159,-0.0174675027987585,0.147375362154617,0.143835449455955,0.103834557819815,-0.0323309279018635,0.149706079844213,0.000781726004458246,0.0496855270223346,0.0405134643439439,0.0639834987819365,-0.0604315043178993,-0.0401869310902168,-0.0775200217952597,0.0291686371713025,0.011620645681924,-0.00373738645192152,-0.0505132158589427,1,0.211638015674066,0.106766606637569,-0.0720032727477875,0.125429366117587,0.136965027531353,0.0842801706079125
"folate",-0.0401613691704636,-0.334193660903525,-0.176599536566394,0.00878047483538438,-0.40728436974934,0.0282222434467477,-0.101222516099908,0.0372846215943225,0.0244008535695475,0.101665619658464,0.0248729713549853,0.0525808012399,0.0230552658706176,-0.296726672301747,-0.132307751438912,-0.243586076118888,0.16515039639329,0.152851132973712,-0.0835828542216409,-0.550065504858574,0.0189636051434918,-0.0280304810435723,0.155171449300477,-0.114241251901439,0.271455313312371,0.0338327600859929,0.118950578586286,0.0531383190313978,0.0421852798733287,-0.153446632064176,-0.100789799337745,-0.0233042246679353,0.211638015674066,1,0.65072104870696,0.219688386274719,0.0859265427460444,0.728780721200658,0.257624030252337
"vita",0.0149801173339589,-0.390398489786817,-0.0541438346256568,-0.185138332954657,-0.37351744855968,-0.00494526739152931,0.0954261982499386,0.0763469951529197,0.0640928201982355,0.107796808065008,0.0672050854810414,0.0586723830812613,0.0326822632178296,-0.197419135931373,-0.0387804431064444,-0.177562109904586,0.0949682959007226,0.0699691265552146,0.0971680811735216,-0.544275324665882,0.026044302823119,0.187750640644155,0.180746026573731,-0.0865320055985305,0.26050988600907,-0.0039084148287853,0.089250932163391,0.161548871264833,-0.0546118258531157,-0.124179310637358,-0.0132743014429443,0.0950091335419323,0.106766606637569,0.65072104870696,1,0.48744543851293,-0.015797051981062,0.560856415456788,0.144204512281583
"g_toco",-0.0644398917494811,-0.227499711245471,-0.0676926167395612,-0.203465669890943,-0.20075214361007,0.021116549742838,0.00600287237949792,-0.116913157697804,-0.111818281286878,-0.1335972461962,-0.0781001936900049,-0.0391765440967436,-0.0620644574760718,0.0681872491490907,-0.182133456208228,0.0974107718473849,-0.0608181938762405,-0.0911723574802225,0.109296540708309,-0.30804410107781,-0.0554933603458491,0.136197977369684,0.126544965658298,-0.026909124275884,0.0780377941490269,-0.00295441369750367,0.0972651442292444,0.208378494687486,-0.108721598099482,0.0413435478738641,0.153850763275637,0.148496763043326,-0.0720032727477875,0.219688386274719,0.48744543851293,1,-0.0512202779087715,0.112422576171033,-0.266303889009522
"b_cryp",0.0188881401517185,-0.0132385327873921,-0.00567358514722282,-0.00292771193370288,-0.00858877187139292,0.0207956465148006,-0.115149151501947,-0.0542524487489221,-0.0521137299961541,0.0421506911770359,0.00273755249055814,-0.0114171397208161,-0.0561556359898196,-0.0373801453383653,0.0243684838565213,-0.028868401471426,-0.035860135191101,-0.0412739213627759,-0.137486556723066,0.0412928811979398,-0.00619786732736786,-0.0951525672501938,-0.00198811609456217,0.0271303976022247,-0.0441196196860479,-0.00665406041900149,-0.0713172977542925,0.0113508065095683,0.161885306580617,0.175681105606074,0.231800464896079,0.0603851307077768,0.125429366117587,0.0859265427460444,-0.015797051981062,-0.0512202779087715,1,0.13966216102967,0.0660588753037411
"a_carot",-0.0646933094350681,-0.236480577899179,-0.219245187776916,0.00231882144746043,-0.426127506974396,0.00255254132418038,-0.143656027366656,0.0888547062432166,0.0686156323273864,0.0854972288125783,0.0137042702151014,0.0848248389170979,0.0809574237402289,-0.380771741094264,-0.130721573755745,-0.338677251269951,0.201120866468315,0.165961120452222,-0.162999576433388,-0.60943804286461,0.051041784625495,-0.148416646010861,0.143165123981263,-0.0735091442765707,0.278265745926881,0.00115597281478645,0.103607676235833,-0.0580251853979782,0.0683179240748346,-0.129742439824166,-0.13874200961613,-0.00376713970703905,0.136965027531353,0.728780721200658,0.560856415456788,0.112422576171033,0.13966216102967,1,0.192648462149971
"vitd_tot",0.0745202869158559,-0.0297591878295477,0.04943230710455,0.0764887297754919,-0.0674321842647995,0.0176456799785787,-0.0158597006366856,0.196516991451152,0.157190998502731,0.216279909789805,0.218547171211744,0.180442870990655,0.049478111453337,-0.267547058852581,0.0579680577725783,-0.16220227329623,0.08873271266956,0.0766821935576693,-0.151967907530735,-0.0622700091109127,-0.104311085482149,-0.0960897165991262,-0.0212336815887051,-0.13912757379651,0.0294184025061094,0.122593200373118,0.0925061218572898,0.0865141952233658,0.147678762207158,0.0557801635351802,0.0974760880681262,0.0513388041526348,0.0842801706079125,0.257624030252337,0.144204512281583,-0.266303889009522,0.0660588753037411,0.192648462149971,1
